image: ./studyroom.pgm
resolution: 0.010000
origin: [-1.132683, -5.940859, 0.000000]
negate: 0
occupied_thresh: 0.65
free_thresh: 0.196

